Chraccver A T G C
NC_000001.11 0.29100 0.29176 0.20874 0.20850
NC_000002.12 0.29845 0.29927 0.20142 0.20087
NC_000003.12 0.30131 0.30204 0.19861 0.19805
NC_000004.12 0.30862 0.30895 0.19147 0.19097
NC_000005.10 0.30176 0.30317 0.19794 0.19712
NC_000006.12 0.30189 0.30205 0.19822 0.19783
NC_000007.14 0.29602 0.29701 0.20368 0.20330
NC_000008.11 0.29933 0.29910 0.20104 0.20053
NC_000009.12 0.29342 0.29381 0.20667 0.20609
NC_000010.11 0.29172 0.29286 0.20801 0.20741
NC_000011.10 0.29202 0.29258 0.20799 0.20741
NC_000012.12 0.29571 0.29663 0.20417 0.20349
NC_000013.11 0.30666 0.30784 0.19323 0.19227
NC_000014.9 0.29451 0.29715 0.20492 0.20342
NC_000015.10 0.28956 0.29009 0.21061 0.20974
NC_000016.10 0.27575 0.27840 0.22370 0.22214
NC_000017.11 0.27303 0.27382 0.22735 0.22581
NC_000018.10 0.30030 0.30195 0.20055 0.19721
NC_000019.10 0.25911 0.26151 0.24060 0.23878
NC_000020.11 0.27942 0.28253 0.22042 0.21763
NC_000021.9 0.29486 0.29575 0.20520 0.20418
NC_000022.11 0.26512 0.26483 0.23611 0.23393
NC_000023.11 0.30185 0.30290 0.19819 0.19706
NC_000024.10 0.29855 0.30120 0.20015 0.20011
